[[20, 24, 31], [19, 24, 31], [19, 20, 31], [19, 20, 24], [12, 20, 31], [12, 20, 24], [12, 19, 31], [12, 19, 24], [7, 24, 31], [7, 20, 31], [7, 19, 24], [7, 19, 20], [7, 12, 31], [7, 12, 24], [7, 12, 20], [7, 12, 19]]
[[27, 29, 30], [27, 28, 30], [27, 28, 29], [26, 27, 30], [26, 27, 28], [25, 27, 29], [25, 27, 28], [25, 26, 27], [23, 29, 30], [23, 28, 30], [23, 28, 29], [23, 27, 30], [23, 27, 29], [23, 26, 30], [23, 26, 28], [23, 26, 27], [23, 25, 29], [23, 25, 28], [23, 25, 27], [23, 25, 26], [12, 29, 30], [12, 28, 30], [12, 28, 29], [12, 27, 30], [12, 27, 29], [12, 26, 30], [12, 26, 28], [12, 26, 27], [12, 25, 29], [12, 25, 28], [12, 25, 27], [12, 25, 26]]
[[24, 30, 31], [23, 24, 31], [20, 30, 31], [20, 24, 30], [20, 23, 31], [20, 23, 24], [12, 30, 31], [12, 23, 31], [12, 20, 30], [12, 20, 23], [11, 24, 30], [11, 23, 24], [11, 20, 30], [11, 20, 23], [11, 12, 30], [11, 12, 23], [9, 24, 31], [9, 20, 31], [9, 20, 24], [9, 12, 31], [9, 12, 20], [9, 11, 24], [9, 11, 20], [9, 11, 12]]
[[25, 27, 29], [24, 25, 29], [24, 25, 27], [22, 25, 29], [22, 25, 27], [21, 27, 29], [21, 25, 29], [21, 25, 27], [21, 24, 29], [21, 24, 27], [21, 22, 29], [21, 22, 27], [12, 27, 29], [12, 24, 29], [12, 24, 27], [12, 22, 29], [12, 22, 27], [12, 21, 29], [12, 21, 27], [6, 25, 27], [6, 24, 25], [6, 22, 25], [6, 21, 27], [6, 21, 25], [6, 21, 24], [6, 21, 22], [6, 12, 27], [6, 12, 24], [6, 12, 22], [6, 12, 21]]
[[27, 29, 31], [25, 29, 31], [25, 27, 31], [25, 27, 29], [24, 29, 31], [24, 27, 31], [24, 25, 29], [24, 25, 27], [22, 29, 31], [22, 27, 31], [22, 25, 29], [22, 25, 27], [12, 29, 31], [12, 27, 31], [12, 25, 29], [12, 25, 27], [6, 27, 31], [6, 27, 29], [6, 25, 31], [6, 25, 29], [6, 24, 31], [6, 24, 29], [6, 24, 27], [6, 24, 25], [6, 22, 31], [6, 22, 29], [6, 22, 27], [6, 22, 25], [6, 12, 31], [6, 12, 29], [6, 12, 27], [6, 12, 25]]
[[29, 30, 31], [27, 29, 31], [26, 29, 30], [26, 27, 29], [24, 30, 31], [24, 27, 31], [24, 26, 30], [24, 26, 27], [23, 30, 31], [23, 29, 31], [23, 29, 30], [23, 27, 31], [23, 27, 29], [23, 26, 30], [23, 26, 29], [23, 26, 27], [23, 24, 31], [23, 24, 30], [23, 24, 27], [23, 24, 26], [18, 30, 31], [18, 29, 31], [18, 29, 30], [18, 27, 31], [18, 27, 29], [18, 26, 30], [18, 26, 29], [18, 26, 27], [18, 24, 31], [18, 24, 30], [18, 24, 27], [18, 24, 26]]
[[28, 29, 30], [27, 28, 30], [27, 28, 29], [26, 29, 30], [26, 28, 29], [26, 27, 30], [26, 27, 29], [26, 27, 28], [25, 29, 30], [25, 28, 30], [25, 27, 30], [25, 27, 29], [25, 27, 28], [25, 26, 30], [25, 26, 29], [25, 26, 28], [19, 29, 30], [19, 28, 30], [19, 28, 29], [19, 27, 30], [19, 27, 29], [19, 26, 30], [19, 26, 28], [19, 26, 27], [19, 25, 29], [19, 25, 28], [19, 25, 27], [19, 25, 26], [12, 29, 30], [12, 28, 30], [12, 28, 29], [12, 27, 30], [12, 27, 29], [12, 26, 30], [12, 26, 28], [12, 26, 27], [12, 25, 29], [12, 25, 28], [12, 25, 27], [12, 25, 26]]
[[27, 29, 30], [27, 28, 30], [26, 27, 30], [26, 27, 29], [26, 27, 28], [23, 29, 30], [23, 28, 30], [23, 27, 30], [23, 27, 29], [23, 27, 28], [23, 26, 30], [23, 26, 29], [23, 26, 28], [19, 27, 29], [19, 27, 28], [19, 26, 27], [19, 23, 29], [19, 23, 28], [19, 23, 27], [19, 23, 26], [12, 29, 30], [12, 28, 30], [12, 27, 30], [12, 26, 30], [12, 26, 29], [12, 26, 28], [12, 26, 27], [12, 23, 29], [12, 23, 28], [12, 23, 27], [12, 23, 26], [12, 19, 29], [12, 19, 28], [12, 19, 27], [12, 19, 26]]
[[27, 29, 30], [27, 28, 30], [27, 28, 29], [26, 29, 30], [26, 28, 30], [26, 28, 29], [26, 27, 29], [26, 27, 28], [25, 27, 29], [25, 27, 28], [25, 26, 29], [25, 26, 28], [23, 29, 30], [23, 28, 30], [23, 28, 29], [23, 27, 30], [23, 27, 29], [23, 26, 30], [23, 26, 28], [23, 26, 27], [23, 25, 29], [23, 25, 28], [23, 25, 27], [23, 25, 26], [22, 29, 30], [22, 28, 30], [22, 28, 29], [22, 27, 30], [22, 27, 29], [22, 26, 30], [22, 26, 28], [22, 26, 27], [22, 25, 29], [22, 25, 28], [22, 25, 27], [22, 25, 26]]
[[24, 30, 31], [24, 29, 31], [24, 28, 31], [19, 30, 31], [19, 29, 31], [19, 28, 31], [19, 24, 31], [19, 24, 30], [19, 24, 29], [19, 24, 28], [12, 30, 31], [12, 29, 31], [12, 28, 31], [12, 24, 31], [12, 24, 30], [12, 24, 29], [12, 24, 28], [7, 30, 31], [7, 29, 31], [7, 28, 31], [7, 19, 31], [7, 19, 30], [7, 19, 29], [7, 19, 28], [7, 12, 31], [7, 12, 30], [7, 12, 29], [7, 12, 28]]
[[23, 27, 29], [20, 27, 29], [20, 23, 29], [20, 23, 27], [15, 27, 29], [15, 23, 29], [15, 23, 27], [12, 27, 29], [12, 20, 29], [12, 20, 27], [12, 15, 29], [12, 15, 27], [6, 23, 27], [6, 20, 27], [6, 20, 23], [6, 15, 27], [6, 15, 23], [6, 12, 27], [6, 12, 20], [6, 12, 15]]
[[24, 29, 31], [22, 29, 31], [22, 24, 29], [20, 29, 31], [20, 24, 31], [20, 22, 31], [20, 22, 29], [20, 22, 24], [19, 29, 31], [19, 22, 29], [19, 20, 31], [19, 20, 22], [9, 29, 31], [9, 24, 31], [9, 24, 29], [9, 22, 31], [9, 22, 24], [9, 20, 29], [9, 20, 24], [9, 20, 22], [9, 19, 31], [9, 19, 29], [9, 19, 22], [9, 19, 20]]
[[24, 29, 31], [22, 29, 31], [22, 24, 29], [20, 24, 31], [20, 22, 31], [20, 22, 24], [9, 29, 31], [9, 24, 31], [9, 24, 29], [9, 22, 31], [9, 22, 24], [9, 20, 31], [9, 20, 24], [7, 29, 31], [7, 22, 29], [7, 20, 31], [7, 20, 22], [7, 9, 31], [7, 9, 29], [7, 9, 22], [7, 9, 20]]
[[27, 29, 31], [25, 27, 29], [24, 29, 31], [24, 27, 31], [24, 25, 29], [24, 25, 27], [22, 29, 31], [22, 27, 31], [22, 25, 29], [22, 25, 27], [21, 29, 31], [21, 27, 31], [21, 25, 29], [21, 25, 27], [6, 27, 31], [6, 27, 29], [6, 25, 27], [6, 24, 31], [6, 24, 29], [6, 24, 27], [6, 24, 25], [6, 22, 31], [6, 22, 29], [6, 22, 27], [6, 22, 25], [6, 21, 31], [6, 21, 29], [6, 21, 27], [6, 21, 25]]
[[27, 29, 30], [24, 29, 30], [24, 27, 30], [24, 27, 29], [23, 29, 30], [23, 27, 30], [23, 24, 29], [23, 24, 27], [20, 29, 30], [20, 27, 29], [20, 24, 30], [20, 24, 27], [20, 23, 30], [20, 23, 29], [20, 23, 27], [20, 23, 24], [18, 27, 30], [18, 27, 29], [18, 24, 30], [18, 24, 29], [18, 23, 30], [18, 23, 29], [18, 23, 27], [18, 23, 24], [18, 20, 30], [18, 20, 29], [18, 20, 27], [18, 20, 24]]
